,mainlandArrival,mainlandDeparture,otherArrival,otherDeparture,residentsArrival,residentsDeparture,totalArrival,totalDeparture
1/24/2020,102663,36705,22872,162240,294785,31340,13018,339143
1/25/2020,86417,29891,19177,135485,186168,28788,14633,229589
1/26/2020,163668,36690,16707,217065,121396,38300,14778,174474
1/27/2020,177470,28780,12816,219066,90477,34703,18930,144110
1/28/2020,188788,24156,10248,223192,81904,29546,16517,127967
1/29/2020,197572,27780,10998,236350,76646,32785,15143,124574
1/30/2020,132506,19555,8862,160923,68079,24828,15070,107977
1/31/2020,116544,16058,8257,140859,67506,18994,10952,97452
2/1/2020,115122,13382,9760,138264,65847,15399,12956,94202
2/2/2020,122399,11715,6399,140513,57341,14385,9943,81669
2/3/2020,111033,13461,6510,131004,62735,15246,8100,86081
2/4/2020,54816,9511,5485,69812,34405,11276,6335,52016
2/5/2020,44566,8760,5458,58784,36217,9877,6126,52220
2/6/2020,65122,11009,5886,82017,46220,10651,6253,63124
2/7/2020,76899,12746,6337,95982,40739,11119,6130,57988
2/8/2020,18823,995,3581,23399,22204,2641,4244,29089
2/9/2020,24939,956,3120,29015,20769,2441,4297,27507
2/10/2020,18408,832,2537,21777,18893,1688,3848,24429
2/11/2020,15953,738,2569,19260,14710,1323,3148,19181
2/12/2020,15792,729,2176,18697,15760,1442,2822,20024
2/13/2020,13312,751,2458,16521,17404,1433,2704,21541
2/14/2020,13507,683,2574,16764,18160,1603,2576,22339
2/15/2020,16089,791,2629,19509,16580,1130,2700,20410
2/16/2020,20325,749,2319,23393,14896,1189,3373,19458
2/17/2020,15990,643,2368,19001,13934,899,2816,17649
2/18/2020,14383,579,2451,17413,12015,859,2607,15481
2/19/2020,12801,567,2290,15658,12969,786,2304,16059
2/20/2020,13677,648,2324,16649,15924,940,2606,19470
2/21/2020,14557,682,2696,17935,17499,985,2413,20897
2/22/2020,15440,651,2680,18771,15160,817,2653,18630
2/23/2020,20241,673,2651,23565,13905,961,3189,18055
2/24/2020,16972,588,2410,19970,14216,787,2782,17785
2/25/2020,15207,558,2067,17832,12249,772,2308,15329
2/26/2020,14317,587,2157,17061,12748,838,2280,15866
2/27/2020,13846,702,2404,16952,14287,914,2354,17555
2/28/2020,15248,558,2642,18448,17148,911,2585,20644
2/29/2020,17881,1084,2797,21762,16533,1264,2804,20601
3/1/2020,20991,1346,3237,25574,15755,1795,3686,21236
3/2/2020,16629,973,2682,20284,14627,1223,2805,18655
3/3/2020,13837,918,2682,17437,13452,1100,2796,17348
3/4/2020,13264,973,2607,16844,13393,1111,2589,17093
3/5/2020,13245,916,2534,16695,14729,1053,2703,18485
3/6/2020,15154,978,2779,18911,16326,1065,2462,19853
3/7/2020,15774,1090,2894,19758,15136,1204,2923,19263
3/8/2020,20255,1005,2648,23908,13853,1282,3181,18316
3/9/2020,15574,955,2438,18967,13142,1046,2491,16679
3/10/2020,13908,906,2293,17107,11251,1028,2246,14525
3/11/2020,14276,1107,2274,17657,10333,1193,2049,13575
3/12/2020,13183,1200,2182,16565,11405,1216,2202,14823
3/13/2020,15048,1348,2349,18745,12649,1429,2352,16430
3/14/2020,14887,1730,2665,19282,12434,1723,2528,16685
3/15/2020,19944,1942,2642,24528,11549,2074,2728,16351
3/16/2020,16634,2016,2838,21488,11081,2146,2897,16124
3/17/2020,14677,1980,2029,18686,8946,2046,2091,13083
3/18/2020,16276,2408,1899,20583,7461,2405,1767,11633
3/19/2020,11924,243,951,13118,7383,664,1186,9233
3/20/2020,13487,307,1064,14858,8020,503,1312,9835
3/21/2020,12256,319,919,13494,7472,566,969,9007
3/22/2020,11656,336,805,12797,6664,665,880,8209
3/23/2020,10519,247,886,11652,8465,539,954,9958
3/24/2020,12537,437,1809,14783,8420,541,1743,10704
3/25/2020,4969,148,180,5297,2366,372,430,3168
3/26/2020,4171,136,151,4458,3254,584,267,4105
3/27/2020,3703,134,196,4033,2025,249,521,2795
3/28/2020,4356,110,196,4662,974,156,311,1441
3/29/2020,3230,123,231,3584,558,97,260,915
3/30/2020,2688,90,155,2933,680,96,241,1017
3/31/2020,2245,111,139,2495,991,93,267,1351
4/1/2020,2010,96,40,2146,953,163,102,1218
4/2/2020,1360,76,9,1445,710,108,72,890
4/3/2020,1527,97,28,1652,1022,141,100,1263
4/4/2020,1206,78,18,1302,757,112,59,928
4/5/2020,1511,112,26,1649,693,95,90,878
4/6/2020,1351,98,16,1465,658,87,49,794
4/7/2020,892,84,16,992,602,126,50,778
4/8/2020,1446,105,25,1576,699,93,63,855
4/9/2020,1056,93,18,1167,554,132,44,730
4/10/2020,1460,146,40,1646,916,152,78,1146
4/11/2020,832,111,17,960,524,64,37,625
4/12/2020,1048,107,26,1181,620,87,55,762
4/13/2020,957,102,23,1082,361,79,33,473
4/14/2020,1054,81,11,1146,446,79,54,579
4/15/2020,1127,99,18,1244,588,84,62,734
4/16/2020,950,84,22,1056,381,71,25,477
4/17/2020,1363,87,26,1476,714,71,86,871
4/18/2020,862,103,15,980,541,88,77,706
4/19/2020,1016,99,16,1131,448,55,44,547
4/20/2020,1163,86,23,1272,508,100,32,640
4/21/2020,786,73,23,882,323,45,31,399
4/22/2020,992,65,33,1090,496,54,58,608
4/23/2020,616,59,21,696,397,78,62,537
4/24/2020,1250,40,26,1316,601,43,65,709
4/25/2020,833,75,24,932,468,50,41,559
4/26/2020,849,82,24,955,525,78,37,640
4/27/2020,898,74,12,984,738,148,32,918
4/28/2020,827,51,66,944,355,27,56,438
4/29/2020,1293,76,17,1386,601,30,50,681
4/30/2020,1611,125,52,1788,633,89,38,760
5/1/2020,1379,119,30,1528,815,63,100,978
5/2/2020,1020,100,39,1159,596,31,75,702
5/3/2020,1470,142,35,1647,433,48,50,531
5/4/2020,1449,94,34,1577,558,38,167,763
5/5/2020,1008,84,14,1106,424,38,38,500
5/6/2020,1303,87,20,1410,613,54,40,707
5/7/2020,1114,108,9,1231,462,75,8,545
5/8/2020,2447,157,48,2652,765,77,57,899
5/9/2020,1760,169,72,2001,540,57,32,629
5/10/2020,2832,214,50,3096,520,51,50,621
5/11/2020,2850,185,43,3078,683,63,32,778
5/12/2020,2538,195,45,2778,452,43,43,538
5/13/2020,1867,130,33,2030,668,76,82,826
5/14/2020,1493,130,47,1670,526,43,75,644
5/15/2020,1926,145,44,2115,595,63,70,728
5/16/2020,1921,174,165,2260,694,53,83,830
5/17/2020,2152,193,68,2413,446,51,63,560
5/18/2020,2019,137,66,2222,635,48,66,749
5/19/2020,1342,120,32,1494,618,40,24,682
5/20/2020,1876,149,39,2064,514,52,28,594
5/21/2020,1701,139,44,1884,426,88,35,549
5/22/2020,2279,165,52,2496,667,75,57,799
5/23/2020,2454,287,116,2857,422,52,52,526
5/24/2020,3629,464,54,4147,474,44,45,563
5/25/2020,2241,269,60,2570,580,22,32,634
5/26/2020,1393,155,57,1605,488,34,57,579
5/27/2020,1230,120,30,1380,595,43,149,787
5/28/2020,1376,116,80,1572,428,34,73,535
5/29/2020,1689,114,45,1848,486,26,121,633
5/30/2020,1641,161,49,1851,563,45,94,702
5/31/2020,2226,297,58,2581,364,25,55,444
6/1/2020,1830,185,80,2095,650,29,52,731
6/2/2020,1796,116,73,1985,666,33,117,816
6/3/2020,2162,207,50,2419,1077,100,124,1301
6/4/2020,2395,222,55,2672,1334,119,96,1549
6/5/2020,2575,234,64,2873,1527,139,95,1761
6/6/2020,2010,283,64,2357,1164,129,234,1527
6/7/2020,3328,376,71,3775,1246,145,127,1518
6/8/2020,3019,312,134,3465,1290,135,60,1485
6/9/2020,2139,255,57,2451,1202,162,53,1417
6/10/2020,2204,266,46,2516,1105,124,204,1433
6/11/2020,1727,186,32,1945,885,74,47,1006
6/12/2020,2074,182,122,2378,981,70,102,1153
6/13/2020,1682,236,77,1995,779,82,73,934
6/14/2020,1651,156,67,1874,876,98,92,1066
6/15/2020,3484,170,96,3750,2498,87,86,2671
6/16/2020,3359,164,66,3589,2604,100,65,2769
6/17/2020,3263,148,69,3480,2386,126,38,2550
6/18/2020,3061,146,57,3264,2614,106,99,2819
6/19/2020,3228,120,99,3447,2599,81,201,2881
6/20/2020,1746,171,83,2000,890,94,62,1046
6/21/2020,2060,146,89,2295,1179,107,85,1371
6/22/2020,2979,179,84,3242,2580,83,81,2744
6/23/2020,3499,147,46,3692,2564,94,64,2722
6/24/2020,3101,104,73,3278,2703,83,52,2838
6/25/2020,1365,97,56,1518,1156,70,71,1297
6/26/2020,3194,110,80,3384,2694,96,89,2879
6/27/2020,1588,81,75,1744,1006,86,148,1240
6/28/2020,1567,124,82,1773,1222,43,125,1390
6/29/2020,2759,88,44,2891,2486,60,131,2677
6/30/2020,3426,169,95,3690,2931,94,71,3096
7/1/2020,1289,114,70,1473,1593,115,90,1798
7/2/2020,3362,92,89,3543,3175,120,71,3366
7/3/2020,3484,148,79,3711,3225,130,108,3463
7/4/2020,1880,166,71,2117,1595,121,152,1868
7/5/2020,2288,209,65,2562,1747,157,157,2061
7/6/2020,3400,143,65,3608,2598,125,130,2853
7/7/2020,3613,167,59,3839,3249,153,95,3497
7/8/2020,3671,201,102,3974,3317,187,210,3714
7/9/2020,2816,175,54,3045,2838,226,101,3165
7/10/2020,3329,175,120,3624,3485,281,128,3894
7/11/2020,2060,174,92,2326,3071,487,112,3670
7/12/2020,2002,132,95,2229,2901,434,131,3466
7/13/2020,1916,120,69,2105,3196,428,87,3711
7/14/2020,1587,98,63,1748,4349,600,108,5057
7/15/2020,1950,89,68,2107,4242,577,98,4917
7/16/2020,1316,93,44,1453,3878,436,60,4374
7/17/2020,1767,63,101,1931,1700,97,86,1883
7/18/2020,1223,90,54,1367,1972,149,85,2206
7/19/2020,1379,84,54,1517,2243,187,120,2550
7/20/2020,1185,73,41,1299,1748,166,133,2047
7/21/2020,1149,50,55,1254,2827,248,93,3168
7/22/2020,1462,50,58,1570,3045,282,83,3410
7/23/2020,791,43,39,873,3007,262,216,3485
7/24/2020,1382,53,44,1479,3489,308,130,3927
7/25/2020,906,59,27,992,3477,341,65,3883
7/26/2020,1053,38,63,1154,2896,218,84,3198
7/27/2020,824,43,35,902,1270,122,54,1446
7/28/2020,1171,47,64,1282,2699,199,91,2989
7/29/2020,675,25,34,734,3729,311,73,4113
7/30/2020,598,41,24,663,3041,271,48,3360
7/31/2020,983,43,73,1099,4305,372,107,4784
8/1/2020,950,56,19,1025,3903,320,96,4319
8/2/2020,1044,34,59,1137,2928,184,100,3212
8/3/2020,872,28,34,934,1538,89,115,1742
8/4/2020,1034,35,45,1114,2567,185,104,2856
8/5/2020,1015,32,54,1101,2944,267,58,3269
8/6/2020,761,42,27,830,3741,348,111,4200
8/7/2020,1109,38,62,1209,2392,152,127,2671
8/8/2020,1054,59,34,1147,2627,185,61,2873
8/9/2020,1078,51,35,1164,2281,131,89,2501
8/10/2020,1091,56,31,1178,1347,71,83,1501
8/11/2020,1204,47,38,1289,2039,138,64,2241
8/12/2020,932,58,34,1024,2187,216,50,2453
8/13/2020,1141,58,25,1224,2408,181,70,2659
8/14/2020,1344,52,58,1454,2633,115,100,2848
8/15/2020,1420,90,78,1588,2562,158,206,2926
8/16/2020,1536,71,28,1635,2367,111,82,2560
8/17/2020,1448,77,30,1555,1452,66,36,1554
8/18/2020,1165,50,23,1238,2185,107,59,2351
8/19/2020,877,28,28,933,1755,124,35,1914
8/20/2020,1360,87,43,1490,2143,107,65,2315
8/21/2020,1388,69,117,1574,2560,109,192,2861
8/22/2020,1113,83,20,1216,2513,139,58,2710
8/23/2020,1551,79,56,1686,2365,93,64,2522
8/24/2020,1271,56,16,1343,1524,76,92,1692
8/25/2020,1076,74,17,1167,2239,85,103,2427
8/26/2020,1305,65,35,1405,1935,104,62,2101
8/27/2020,1282,75,19,1376,2133,82,58,2273
8/28/2020,1726,98,44,1868,2304,92,97,2493
8/29/2020,1628,102,32,1762,2496,106,235,2837
8/30/2020,2278,128,37,2443,2100,53,63,2216
8/31/2020,1989,103,20,2112,2422,54,46,2522
9/1/2020,1426,77,25,1528,2737,95,71,2903
9/2/2020,1804,100,40,1944,2497,118,43,2658
9/3/2020,1738,87,23,1848,2363,105,37,2505
9/4/2020,2148,121,42,2311,2247,102,52,2401
9/5/2020,2518,169,39,2726,2550,128,79,2757
9/6/2020,3835,272,69,4176,2009,78,71,2158
9/7/2020,2419,183,29,2631,1673,51,42,1766
9/8/2020,3537,309,57,3903,2227,103,56,2386
9/9/2020,3235,307,83,3625,1930,123,122,2175
9/10/2020,2130,184,25,2339,1947,102,50,2099
9/11/2020,2489,194,57,2740,2100,106,63,2269
9/12/2020,2644,279,48,2971,2134,136,51,2321
9/13/2020,4831,472,65,5368,1912,103,67,2082
9/14/2020,3093,315,36,3444,1368,55,45,1468
9/15/2020,2643,276,54,2973,2018,72,69,2159
9/16/2020,1963,196,37,2196,2575,113,59,2747
9/17/2020,1566,112,22,1700,1822,52,49,1923
9/18/2020,1765,136,48,1949,1801,55,53,1909
9/19/2020,2656,222,39,2917,1983,83,47,2113
9/20/2020,3654,339,57,4050,1655,52,55,1762
9/21/2020,2257,214,21,2492,1450,45,29,1524
9/22/2020,1794,136,26,1956,1584,60,65,1709
9/23/2020,1850,148,49,2047,1639,96,69,1804
9/24/2020,1476,128,22,1626,1860,71,44,1975
9/25/2020,1972,135,49,2156,2032,89,56,2177
9/26/2020,2190,155,18,2363,1954,134,33,2121
9/27/2020,2439,155,43,2637,1572,50,61,1683
9/28/2020,1899,124,41,2064,1494,49,52,1595
9/29/2020,2315,141,39,2495,1792,71,87,1950
9/30/2020,3012,149,42,3203,1747,104,73,1924
10/1/2020,1526,93,118,1737,1630,61,106,1797
10/2/2020,1677,154,50,1881,1396,82,73,1551
10/3/2020,1751,186,30,1967,1268,54,63,1385
10/4/2020,2397,225,72,2694,1226,62,56,1344
10/5/2020,1736,143,39,1918,1265,104,45,1414
10/6/2020,1588,93,30,1711,1716,116,35,1867
10/7/2020,1201,85,35,1321,1777,187,49,2013
10/8/2020,1575,76,39,1690,2028,132,60,2220
10/9/2020,1673,104,45,1822,1699,160,46,1905
10/10/2020,1966,185,20,2171,1968,167,37,2172
10/11/2020,2756,178,74,3008,1440,164,53,1657
10/12/2020,1708,149,39,1896,1291,90,46,1427
10/13/2020,1113,90,33,1236,1066,54,31,1151
10/14/2020,1714,152,37,1903,1633,150,49,1832
10/15/2020,2299,171,60,2530,2092,131,77,2300
10/16/2020,2170,150,55,2375,2155,196,56,2407
10/17/2020,1870,187,17,2074,1991,176,53,2220
10/18/2020,2490,214,58,2762,1383,115,48,1546
10/19/2020,1594,126,39,1759,1219,62,33,1314
10/20/2020,1505,156,93,1754,1693,98,98,1889
10/21/2020,1664,160,44,1868,1825,144,89,2058
10/22/2020,1383,164,43,1590,1516,116,49,1681
10/23/2020,1624,160,50,1834,1749,109,65,1923
10/24/2020,1744,147,35,1926,1599,94,36,1729
10/25/2020,1909,245,53,2207,1454,80,57,1591
10/26/2020,1589,143,30,1762,862,35,32,929
10/27/2020,1464,132,23,1619,991,35,30,1056
10/28/2020,973,112,33,1118,1357,92,36,1485
10/29/2020,1074,90,34,1198,1689,109,51,1849
10/30/2020,1489,109,45,1643,1821,107,69,1997
10/31/2020,1340,139,27,1506,1999,99,47,2145
11/1/2020,2157,182,59,2398,1501,82,46,1629
11/2/2020,1411,128,26,1565,910,56,19,985
11/3/2020,1499,155,40,1694,2077,113,106,2296
11/4/2020,1554,120,66,1740,1719,117,137,1973
11/5/2020,1767,98,92,1957,1300,122,94,1516
11/6/2020,1658,102,49,1809,1494,106,68,1668
11/7/2020,1614,128,28,1770,1297,90,35,1422
11/8/2020,2059,138,68,2265,1222,132,64,1418
11/9/2020,1456,90,25,1571,793,69,28,890
11/10/2020,1771,103,44,1918,1817,108,49,1974
11/11/2020,2023,94,59,2176,1278,99,46,1423
11/12/2020,2316,107,87,2510,1277,81,81,1439
11/13/2020,1456,107,31,1594,1384,86,62,1532
11/14/2020,1286,119,26,1431,1532,85,38,1655
11/15/2020,1745,124,46,1915,1594,88,56,1738
11/16/2020,954,110,22,1086,1666,135,18,1819
11/17/2020,896,96,35,1027,2164,192,38,2394
11/18/2020,1030,95,46,1171,1961,171,100,2232
11/19/2020,946,97,33,1076,1679,148,45,1872
11/20/2020,1278,87,39,1404,2227,180,63,2470
11/21/2020,1542,123,46,1711,1966,174,43,2183
11/22/2020,1527,102,35,1664,1734,158,77,1969
11/23/2020,3339,102,24,3465,1284,117,38,1439
11/24/2020,1718,72,25,1815,2080,201,44,2325
11/25/2020,1899,67,27,1993,1899,218,37,2154
11/26/2020,1703,80,27,1810,1983,159,54,2196
11/27/2020,1980,81,39,2100,2447,202,44,2693
11/28/2020,1980,86,24,2090,2206,159,54,2419
11/29/2020,2543,96,48,2687,2239,152,61,2452
11/30/2020,2135,73,25,2233,1770,105,58,1933
12/1/2020,1568,64,26,1658,4327,395,45,4767
12/2/2020,1347,66,53,1466,4258,472,76,4806
12/3/2020,1600,62,42,1704,4138,426,55,4619
12/4/2020,1873,67,45,1985,4488,410,49,4947
12/5/2020,1608,83,24,1715,4410,356,52,4818
12/6/2020,2521,87,44,2652,3426,246,58,3730
12/7/2020,2650,73,75,2798,2448,158,37,2643
12/8/2020,1604,70,30,1704,3577,235,53,3865
12/9/2020,1581,60,53,1694,3283,206,77,3566
12/10/2020,1473,74,129,1676,3579,239,150,3968
12/11/2020,1679,57,67,1803,3910,259,54,4223
12/12/2020,1098,70,23,1191,3819,250,35,4104
12/13/2020,1558,63,42,1663,3220,213,56,3489
12/14/2020,1453,73,27,1553,2412,159,70,2641
12/15/2020,1282,86,34,1402,3715,247,53,4015
12/16/2020,1309,67,42,1418,3419,248,55,3722
12/17/2020,1279,51,36,1366,3168,216,59,3443
12/18/2020,1852,78,39,1969,3284,203,55,3542
12/19/2020,1446,58,22,1526,3110,194,46,3350
12/20/2020,1807,81,45,1933,2516,166,57,2739
12/21/2020,1610,66,21,1697,1790,110,31,1931
12/22/2020,1833,68,32,1933,3376,231,36,3643
12/23/2020,1604,80,18,1702,3520,298,51,3869
12/24/2020,1410,70,27,1507,3313,270,45,3628
12/25/2020,933,45,13,991,2675,247,33,2955
12/26/2020,845,55,9,909,1877,141,31,2049
12/27/2020,1142,51,31,1224,1954,112,49,2115
12/28/2020,1504,52,16,1572,1960,109,32,2101
12/29/2020,1229,47,13,1289,2899,235,37,3171
12/30/2020,1468,62,29,1559,2772,194,52,3018
12/31/2020,1006,52,22,1080,3247,239,51,3537
1/1/2021,732,45,10,787,3446,245,32,3723
1/2/2021,942,78,12,1032,3903,283,35,4221
1/3/2021,1770,42,41,1853,4692,373,58,5123
1/4/2021,1922,68,16,2006,4209,417,47,4673
1/5/2021,1323,74,22,1419,2381,148,58,2587
1/6/2021,1376,64,20,1460,2116,133,53,2302
1/7/2021,1236,60,32,1328,2086,126,52,2264
1/8/2021,1420,84,30,1534,2743,156,52,2951
1/9/2021,1323,106,12,1441,2845,166,56,3067
1/10/2021,1799,99,25,1923,2984,202,64,3250
1/11/2021,1902,72,15,1989,1966,135,39,2140
1/12/2021,1571,62,15,1648,3199,165,41,3405
1/13/2021,1323,70,18,1411,2539,146,36,2721
1/14/2021,1547,60,17,1624,3074,136,79,3289
1/15/2021,1825,83,37,1945,3525,160,54,3739
1/16/2021,1583,141,34,1758,3338,142,26,3506
1/17/2021,1599,93,33,1725,3118,142,34,3294
1/18/2021,1838,84,13,1935,2256,152,20,2428
1/19/2021,1421,88,31,1540,2861,151,58,3070
1/20/2021,1705,97,21,1823,2310,131,28,2469
1/21/2021,1233,100,25,1358,2234,128,42,2404
1/22/2021,1602,83,26,1711,1885,90,53,2028
1/23/2021,1670,121,29,1820,2120,95,40,2255
1/24/2021,1892,139,38,2069,1795,55,44,1894
1/25/2021,1326,91,17,1434,1171,41,23,1235
1/26/2021,1482,93,13,1588,1599,82,49,1730
1/27/2021,1765,110,24,1899,1273,42,37,1352
1/28/2021,1687,91,21,1799,1527,62,58,1647
1/29/2021,1968,72,15,2055,1096,41,32,1169
1/30/2021,1883,85,13,1981,1103,30,27,1160
1/31/2021,2006,67,27,2100,838,35,25,898
2/1/2021,1045,54,24,1123,746,19,17,782
2/2/2021,1430,65,23,1518,1004,49,44,1097
2/3/2021,2020,76,16,2112,819,38,25,882
2/4/2021,1744,66,10,1820,1041,45,24,1110
2/5/2021,2868,76,30,2974,943,59,34,1036
2/6/2021,2635,88,23,2746,908,30,45,983
2/7/2021,2523,87,25,2635,834,32,43,909
2/8/2021,1454,83,10,1547,676,15,18,709
2/9/2021,1804,78,12,1894,895,39,44,978
2/10/2021,1790,84,10,1884,736,32,34,802
2/11/2021,763,45,8,816,770,21,18,809
2/12/2021,480,21,15,516,719,20,21,760
2/13/2021,586,45,7,638,677,28,31,736
2/14/2021,1358,76,39,1473,1014,72,27,1113
2/15/2021,1876,92,17,1985,1251,60,23,1334
2/16/2021,1990,124,13,2127,1850,71,64,1985
2/17/2021,2437,167,19,2623,1766,124,29,1919
2/18/2021,2708,115,103,2926,2217,111,116,2444
2/19/2021,3497,236,17,3750,1897,97,35,2029
2/20/2021,4213,273,20,4506,1870,100,35,2005
2/21/2021,4998,273,34,5305,1777,121,41,1939
2/22/2021,3713,234,27,3974,2051,63,37,2151
2/23/2021,3387,172,14,3573,1899,114,23,2036
2/24/2021,2516,143,17,2676,1479,112,28,1619
2/25/2021,2050,136,75,2261,1356,52,82,1490
2/26/2021,2020,122,24,2166,1232,77,39,1348
2/27/2021,3928,282,17,4227,1665,124,20,1809
2/28/2021,4813,280,21,5114,1864,167,46,2077
3/1/2021,3584,216,18,3818,2074,83,20,2177
3/2/2021,2516,183,13,2712,2136,115,38,2289
3/3/2021,2584,182,36,2802,1620,116,41,1777
3/4/2021,1911,163,47,2121,1378,92,39,1509
3/5/2021,2078,145,33,2256,1524,112,30,1666
3/6/2021,2419,201,8,2628,1577,120,29,1726
3/7/2021,3473,266,21,3760,1307,99,32,1438
3/8/2021,1725,150,19,1894,1449,71,23,1543
3/9/2021,1791,115,16,1922,1642,142,16,1800
3/10/2021,2312,153,50,2515,1806,119,74,1999
3/11/2021,1567,122,13,1702,1299,88,17,1404
3/12/2021,1647,142,24,1813,1404,112,36,1552
3/13/2021,1836,157,10,2003,1464,140,22,1626
3/14/2021,2409,172,32,2613,1216,89,35,1340
3/15/2021,1530,144,28,1702,1278,81,21,1380
3/16/2021,1634,147,4,1785,1760,123,35,1918
3/17/2021,1612,124,18,1754,1424,133,43,1600
3/18/2021,1350,139,23,1512,1414,102,53,1569
3/19/2021,1317,90,30,1437,1362,105,40,1507
3/20/2021,1632,177,13,1822,1399,137,23,1559
3/21/2021,1891,132,16,2039,1284,98,30,1412
3/22/2021,1246,126,18,1390,1053,97,37,1187
3/23/2021,1348,102,13,1463,1303,132,23,1458
3/24/2021,1438,106,28,1572,1066,98,26,1190
3/25/2021,1323,99,20,1442,1233,80,36,1349
3/26/2021,1325,92,28,1445,1493,87,30,1610
3/27/2021,1312,111,19,1442,1481,125,23,1629
3/28/2021,1781,146,23,1950,1364,94,42,1500
3/29/2021,1021,96,12,1129,973,62,10,1045
3/30/2021,1304,110,6,1420,1593,91,27,1711
3/31/2021,1767,129,27,1923,1394,115,26,1535
4/1/2021,1256,86,22,1364,2217,196,30,2443
4/2/2021,1547,178,44,1769,2244,169,43,2456
4/3/2021,1089,101,16,1206,1224,108,8,1340
4/4/2021,1185,71,27,1283,1044,66,22,1132
4/5/2021,1108,121,6,1235,1317,71,25,1413
4/6/2021,1968,155,18,2141,1240,79,23,1342
4/7/2021,2178,152,16,2346,1104,63,15,1182
4/8/2021,1797,148,97,2042,1728,102,99,1929
4/9/2021,2152,164,33,2349,2058,107,46,2211
4/10/2021,2628,229,20,2877,1784,119,30,1933
4/11/2021,2669,205,23,2897,1809,127,42,1978
4/12/2021,1397,109,19,1525,1525,77,12,1614
4/13/2021,1633,106,14,1753,1824,116,43,1983
4/14/2021,1636,156,15,1807,1405,152,32,1589
4/15/2021,1551,108,65,1724,1820,96,87,2003
4/16/2021,1692,94,31,1817,1879,137,41,2057
4/17/2021,1503,123,12,1638,1508,99,21,1628
4/18/2021,2139,143,18,2300,1726,102,45,1873
4/19/2021,1024,92,15,1131,1425,74,18,1517
4/20/2021,1403,131,18,1552,1860,151,44,2055
4/21/2021,1749,99,23,1871,1386,115,16,1517
4/22/2021,1356,95,15,1466,1421,82,35,1538
4/23/2021,1612,71,35,1718,1826,109,86,2021
4/24/2021,1245,118,19,1382,1365,105,18,1488
4/25/2021,1854,141,36,2031,1549,99,27,1675
4/26/2021,924,77,16,1017,1453,83,31,1567
4/27/2021,1209,82,14,1305,1593,107,39,1739
4/28/2021,1532,92,14,1638,1445,80,24,1549
4/29/2021,1819,146,20,1985,1469,130,40,1639
4/30/2021,2328,97,27,2452,2206,96,34,2336
5/1/2021,1395,100,12,1507,1991,106,16,2113
5/2/2021,1930,127,28,2085,1802,90,38,1930
5/3/2021,965,71,14,1050,1254,73,25,1352
5/4/2021,972,74,22,1068,1764,88,21,1873
5/5/2021,1312,64,12,1388,1467,101,25,1593
5/6/2021,1006,94,12,1112,1899,113,24,2036
5/7/2021,1708,103,40,1851,1939,170,68,2177
5/8/2021,1598,106,11,1715,1985,101,17,2103
5/9/2021,1879,96,75,2050,1684,107,48,1839
5/10/2021,1316,65,46,1427,1812,96,31,1939
5/11/2021,1215,58,22,1295,1889,157,34,2080
5/12/2021,1582,132,24,1738,1748,175,12,1935
5/13/2021,1215,68,18,1301,1789,103,30,1922
5/14/2021,1640,105,40,1785,2059,109,49,2217
5/15/2021,1930,163,27,2120,2294,158,34,2486
5/16/2021,1909,168,24,2101,2033,129,72,2234
5/17/2021,1104,202,14,1320,1659,113,73,1845
5/18/2021,1256,170,24,1450,2244,202,85,2531
5/19/2021,1851,119,27,1997,1647,145,32,1824
5/20/2021,1470,104,64,1638,1814,105,62,1981
5/21/2021,1846,114,13,1973,1898,126,27,2051
5/22/2021,2036,152,10,2198,1902,113,24,2039
5/23/2021,1648,144,21,1813,1586,90,35,1711
5/24/2021,1379,88,9,1476,1389,79,23,1491
5/25/2021,1574,119,4,1697,1947,130,50,2127
5/26/2021,1990,129,30,2149,1515,109,49,1673
5/27/2021,1260,147,49,1456,1683,97,86,1866
5/28/2021,2276,147,27,2450,1951,115,39,2105
5/29/2021,1978,139,18,2135,1784,128,20,1932
5/30/2021,2015,137,29,2181,1898,116,58,2072
5/31/2021,1473,85,8,1566,1838,91,36,1965
6/1/2021,1410,144,23,1577,2685,129,62,2876
6/2/2021,1949,107,29,2085,1636,125,26,1787
6/3/2021,1443,154,18,1615,2167,164,27,2358
6/4/2021,1684,111,17,1812,1903,142,33,2078
6/5/2021,1870,166,17,2053,1833,147,27,2007
6/6/2021,1873,322,29,2224,1702,131,33,1866
6/7/2021,1149,98,9,1256,1467,87,25,1579
6/8/2021,1486,125,6,1617,1697,117,39,1853
6/9/2021,1639,109,20,1768,1440,122,15,1577
6/10/2021,1464,135,30,1629,2135,160,33,2328
6/11/2021,1868,138,12,2018,2353,125,48,2526
6/12/2021,1570,331,10,1911,2032,231,23,2286
6/13/2021,1783,182,15,1980,1789,106,35,1930
6/14/2021,905,75,10,990,1187,74,22,1283
6/15/2021,1341,87,10,1438,2004,120,41,2165
6/16/2021,1650,101,16,1767,1590,145,25,1760
6/17/2021,1351,104,19,1474,2194,85,35,2314
6/18/2021,1674,113,26,1813,2460,142,29,2631
6/19/2021,1756,162,15,1933,2413,126,27,2566
6/20/2021,2522,156,34,2712,2006,353,28,2387
6/21/2021,1460,85,18,1563,1573,162,15,1750
6/22/2021,1563,153,20,1736,1863,151,37,2051
6/23/2021,1653,145,34,1832,1515,122,42,1679
6/24/2021,1337,110,21,1468,2183,123,31,2337
6/25/2021,1799,106,21,1926,2587,166,45,2798
6/26/2021,1689,151,31,1871,2394,197,38,2629
6/27/2021,2176,149,14,2339,2086,152,19,2257
6/28/2021,1418,110,12,1540,1819,89,40,1948
6/29/2021,1872,143,22,2037,2327,140,35,2502
6/30/2021,3000,140,24,3164,2453,169,36,2658
7/1/2021,1640,151,27,1818,2720,164,38,2922
7/2/2021,1663,166,19,1848,2816,129,40,2985
7/3/2021,1558,168,25,1751,2283,204,27,2514
7/4/2021,1995,212,22,2229,2559,188,42,2789
7/5/2021,1722,147,7,1876,2351,162,17,2530
7/6/2021,1782,141,12,1935,2672,143,21,2836
7/7/2021,1760,180,16,1956,2269,199,18,2486
7/8/2021,1560,145,16,1721,2789,225,35,3049
7/9/2021,1905,168,25,2098,3159,252,31,3442
7/10/2021,1876,198,13,2087,3172,246,20,3438
7/11/2021,2769,231,28,3028,3285,223,33,3541
7/12/2021,2039,144,10,2193,3042,195,19,3256
7/13/2021,2056,175,28,2259,3531,308,26,3865
7/14/2021,2057,183,26,2266,3403,334,21,3758
7/15/2021,2338,212,34,2584,4238,306,23,4567
7/16/2021,2182,207,23,2412,4182,344,39,4565
7/17/2021,1764,178,22,1964,3953,268,26,4247
7/18/2021,2821,218,33,3072,4178,274,34,4486
7/19/2021,1479,141,18,1638,3247,275,28,3550
7/20/2021,2134,123,21,2278,3373,273,28,3674
7/21/2021,1857,134,28,2019,3261,315,16,3592
7/22/2021,1551,153,20,1724,3537,254,32,3823
7/23/2021,2180,169,32,2381,3498,206,32,3736
7/24/2021,1743,147,25,1915,2858,173,29,3060
7/25/2021,2729,177,25,2931,3019,161,29,3209
7/26/2021,1336,110,14,1460,2427,152,12,2591
7/27/2021,2329,130,22,2481,2803,155,18,2976
7/28/2021,1934,122,19,2075,2574,150,25,2749
7/29/2021,2026,189,36,2251,3103,226,22,3351
7/30/2021,2304,146,33,2483,4499,153,39,4691
7/31/2021,2196,171,19,2386,3220,165,34,3419
8/1/2021,4093,213,36,4342,4042,195,34,4271
8/2/2021,1937,169,26,2132,2706,161,24,2891
8/3/2021,2582,183,33,2798,2982,167,35,3184
8/4/2021,3412,176,17,3605,3684,179,17,3880
8/5/2021,2382,152,23,2557,2722,179,29,2930
8/6/2021,3913,176,29,4118,4257,166,35,4458
8/7/2021,2771,224,27,3022,2946,170,29,3145
8/8/2021,4806,223,28,5057,3989,188,39,4216
8/9/2021,2309,174,34,2517,2549,184,20,2753
8/10/2021,3673,207,56,3936,2712,168,49,2929
8/11/2021,4249,192,36,4477,3479,121,22,3622
8/12/2021,2787,218,34,3039,2442,140,35,2617
8/13/2021,4320,204,37,4561,4203,114,35,4352
8/14/2021,3112,211,38,3361,2842,131,26,2999
8/15/2021,5484,207,36,5727,4167,172,32,4371
8/16/2021,4622,332,27,4981,2193,134,22,2349
8/17/2021,3775,255,42,4072,2603,115,45,2763
8/18/2021,5048,234,67,5349,3709,124,22,3855
8/19/2021,4154,260,98,4512,2480,113,33,2626
8/20/2021,5811,258,68,6137,4141,123,59,4323
8/21/2021,3452,234,36,3722,2460,105,23,2588
8/22/2021,6022,329,30,6381,3434,83,25,3542
8/23/2021,4064,297,34,4395,2197,98,36,2331
8/24/2021,3819,329,34,4182,2746,112,34,2892
8/25/2021,5494,318,39,5851,3736,181,31,3948
8/26/2021,3855,313,29,4197,2403,92,32,2527
8/27/2021,5499,255,51,5805,4314,116,40,4470
8/28/2021,4724,311,44,5079,3118,133,38,3289
8/29/2021,6460,345,36,6841,3781,108,41,3930
8/30/2021,4516,457,26,4999,2237,93,38,2368
8/31/2021,4641,379,50,5070,2778,141,41,2960
9/1/2021,5328,358,34,5720,3993,145,49,4187
9/2/2021,2909,217,40,3166,2791,129,36,2956
9/3/2021,3721,188,47,3956,4507,150,52,4709
9/4/2021,2761,228,43,3032,3175,129,30,3334
9/5/2021,4710,285,43,5038,3811,151,46,4008
9/6/2021,1795,169,28,1992,2498,166,30,2694
9/7/2021,2012,173,37,2222,2849,146,49,3044
9/8/2021,2981,130,35,3146,3433,110,36,3579
9/9/2021,1760,120,55,1935,2119,96,31,2246
9/10/2021,3638,132,61,3831,3997,111,58,4166
9/11/2021,2084,142,39,2265,2500,117,40,2657
9/12/2021,3810,106,39,3955,3010,114,47,3171
9/13/2021,1575,68,32,1675,1537,110,28,1675
9/14/2021,1898,54,44,1996,2030,117,60,2207
9/15/2021,3083,279,53,3415,4031,118,47,4196
9/16/2021,2243,264,67,2574,2192,98,46,2336
9/17/2021,3773,275,49,4097,4208,99,58,4365
9/18/2021,2830,336,60,3226,2675,127,40,2842
9/19/2021,3853,328,48,4229,3167,99,38,3304
9/20/2021,1562,227,33,1822,1264,91,33,1388
9/21/2021,1425,125,50,1600,1517,89,36,1642
9/22/2021,3033,230,57,3320,3986,195,48,4229
9/23/2021,1979,217,66,2262,2500,169,41,2710
9/24/2021,3737,243,54,4034,4498,200,65,4763
9/25/2021,2067,280,70,2417,2576,177,47,2800
9/26/2021,3958,238,53,4249,3987,209,55,4251
9/27/2021,1604,162,37,1803,1757,134,29,1920
9/28/2021,2239,239,60,2538,2502,162,57,2721
9/29/2021,3629,273,44,3946,3985,174,48,4207
9/30/2021,2600,276,61,2937,2252,130,49,2431
10/1/2021,3523,162,50,3735,3981,119,54,4154
10/2/2021,1475,227,59,1761,2400,156,36,2592
10/3/2021,3818,232,55,4105,3844,151,54,4049
10/4/2021,1351,181,50,1582,1593,133,31,1757
10/5/2021,1230,110,41,1381,1990,145,28,2163
10/6/2021,3237,151,49,3437,3923,147,45,4115
10/7/2021,1349,132,38,1519,1606,147,25,1778
10/8/2021,3097,170,56,3323,3974,173,62,4209
10/9/2021,1086,232,43,1361,1158,132,40,1330
10/10/2021,4297,279,77,4653,3226,54,50,3330
10/11/2021,1512,171,39,1722,2821,250,39,3110
10/12/2021,1319,219,32,1570,1759,227,25,2011
10/13/2021,2909,212,63,3184,2568,185,49,2802
10/14/2021,1617,233,75,1925,3395,76,42,3513
10/15/2021,3155,205,45,3405,4232,191,38,4461
10/16/2021,1926,211,56,2193,2242,188,34,2464
10/17/2021,6049,258,71,6378,5412,166,58,5636
10/18/2021,1521,191,52,1764,1576,123,29,1728
10/19/2021,1444,176,38,1658,1831,160,48,2039
10/20/2021,3549,193,70,3812,3755,152,46,3953
10/21/2021,2634,165,36,2835,1553,134,35,1722
10/22/2021,3570,185,52,3807,3476,152,29,3657
10/23/2021,1478,202,62,1742,1368,109,36,1513
10/24/2021,4059,262,71,4392,3344,131,73,3548
10/25/2021,1497,205,68,1770,1409,129,33,1571
10/26/2021,1454,212,49,1715,1736,172,49,1957
10/27/2021,3878,214,52,4144,3315,154,50,3519
10/28/2021,1448,152,50,1650,1353,117,37,1507
10/29/2021,3448,171,50,3669,3340,136,58,3534
10/30/2021,1669,191,49,1909,1399,114,45,1558
10/31/2021,3927,191,63,4181,3669,113,69,3851
11/1/2021,1575,159,67,1801,1686,131,39,1856
11/2/2021,1720,171,54,1945,2093,157,36,2286
11/3/2021,3862,233,54,4149,3362,211,52,3625
11/4/2021,1553,161,64,1778,1459,132,35,1626
11/5/2021,3395,261,79,3735,3590,178,68,3836
11/6/2021,1405,462,63,1930,1733,188,67,1988
11/7/2021,3795,275,69,4139,3209,133,48,3390
11/8/2021,1240,171,57,1468,1574,169,32,1775
11/9/2021,1522,182,55,1759,1793,162,44,1999
11/10/2021,3435,218,74,3727,3641,141,65,3847
11/11/2021,1585,207,49,1841,2566,171,32,2769
11/12/2021,3123,198,88,3409,3361,136,64,3561
11/13/2021,1107,246,54,1407,1703,149,42,1894
11/14/2021,5144,181,114,5439,4436,198,87,4721
11/15/2021,1637,168,74,1879,1707,447,38,2192
11/16/2021,1510,163,59,1732,2101,249,62,2412
11/17/2021,3237,157,112,3506,3313,170,69,3552
11/18/2021,2862,131,59,3052,2611,152,56,2819
11/19/2021,3057,162,62,3281,3300,153,59,3512
11/20/2021,1454,226,45,1725,1968,148,59,2175
11/21/2021,4790,181,62,5033,4370,142,58,4570
11/22/2021,1723,108,46,1877,1802,94,41,1937
11/23/2021,1659,152,51,1862,2162,160,58,2380
11/24/2021,3578,129,79,3786,3379,110,50,3539
11/25/2021,3228,168,67,3463,2853,101,61,3015
11/26/2021,3500,148,61,3709,3838,101,76,4015
11/27/2021,1468,176,56,1700,1743,112,70,1925
11/28/2021,5243,190,54,5487,5111,83,75,5269
11/29/2021,1286,137,33,1456,1239,83,26,1348
11/30/2021,1849,151,54,2054,1808,110,50,1968
12/1/2021,5750,190,184,6124,3813,159,76,4048
12/2/2021,1992,178,114,2284,1964,148,58,2170
12/3/2021,3132,223,98,3453,5863,162,69,6094
12/4/2021,1536,185,64,1785,2105,167,65,2337
12/5/2021,5799,213,104,6116,5269,222,61,5552
12/6/2021,1154,152,43,1349,1536,141,48,1725
12/7/2021,1444,123,59,1626,1949,117,51,2117
12/8/2021,2978,156,41,3175,3228,153,60,3441
12/9/2021,3034,156,54,3244,3445,114,70,3629
12/10/2021,3298,178,61,3537,4292,146,77,4515
12/11/2021,1599,175,39,1813,2375,149,55,2579
12/12/2021,4844,218,65,5127,5914,124,69,6107
12/13/2021,1416,148,35,1599,2038,141,41,2220
12/14/2021,1447,251,42,1740,2375,170,55,2600
12/15/2021,4468,225,64,4757,4205,210,99,4514
12/16/2021,3963,327,73,4363,4846,136,54,5036
12/17/2021,3768,186,73,4027,4579,190,81,4850
12/18/2021,4179,254,69,4502,4496,201,68,4765
12/19/2021,21222,269,54,21545,21575,186,93,21854
12/20/2021,1858,214,42,2114,2175,390,46,2611
12/21/2021,3168,189,53,3410,4226,172,66,4464
12/22/2021,3307,215,60,3582,4327,186,75,4588
12/23/2021,1539,210,51,1800,1937,186,51,2174
12/24/2021,5630,172,61,5863,6012,117,51,6180
12/25/2021,1234,172,31,1437,1708,152,39,1899
12/26/2021,4189,154,40,4383,5457,273,53,5783
12/27/2021,1557,123,45,1725,2299,170,57,2526
12/28/2021,3119,156,39,3314,4231,175,46,4452
12/29/2021,3776,171,49,3996,4464,157,72,4693
12/30/2021,3739,162,46,3947,4101,158,50,4309
12/31/2021,3947,163,37,4147,4675,183,73,4931
1/1/2022,1171,133,29,1333,1831,136,48,2015
1/2/2022,6485,158,36,6679,6338,213,103,6654
1/3/2022,1560,120,30,1710,2505,189,44,2738
1/4/2022,1268,139,41,1448,2621,187,58,2866
1/5/2022,5185,132,43,5360,2334,199,69,2602
1/6/2022,1530,152,40,1722,2296,190,58,2544
1/7/2022,1318,168,67,1553,3370,226,93,3689
1/8/2022,1750,180,33,1963,2744,224,74,3042
1/9/2022,1753,233,24,2010,3070,156,110,3336
1/10/2022,1049,132,26,1207,2252,172,49,2473
1/11/2022,1049,154,32,1235,2228,179,55,2462
1/12/2022,1648,193,26,1867,2451,193,50,2694
1/13/2022,1238,229,26,1493,2174,202,34,2410
1/14/2022,1765,194,59,2018,2872,269,64,3205
1/15/2022,1946,230,56,2232,2408,244,66,2718
1/16/2022,2081,258,28,2367,2558,213,87,2858
1/17/2022,1230,132,31,1393,1975,192,59,2226
1/18/2022,1195,171,25,1391,1853,161,42,2056
1/19/2022,1471,175,34,1680,1891,145,55,2091
1/20/2022,1601,242,35,1878,1234,117,36,1387
1/21/2022,2223,208,22,2453,2312,206,63,2581
1/22/2022,2081,261,29,2371,1842,189,34,2065
1/23/2022,1904,230,36,2170,2595,187,65,2847
1/24/2022,1246,148,24,1418,1695,168,46,1909
1/25/2022,1585,151,35,1771,1765,149,41,1955
1/26/2022,2227,181,35,2443,1877,152,42,2071
1/27/2022,1855,200,29,2084,1195,111,48,1354
1/28/2022,2087,200,37,2324,1790,133,48,1971
1/29/2022,1426,192,35,1653,1459,115,35,1609
1/30/2022,1272,151,27,1450,2279,140,55,2474
1/31/2022,375,58,32,465,1365,97,29,1491
2/1/2022,235,30,17,282,1435,144,22,1601
2/2/2022,623,47,32,702,1917,196,41,2154
2/3/2022,559,53,22,634,1945,201,35,2181
2/4/2022,565,99,20,684,2256,252,42,2550
2/5/2022,873,93,15,981,2511,291,33,2835
2/6/2022,1995,112,43,2150,3236,330,72,3638
2/7/2022,1029,69,30,1128,2288,268,39,2595
2/8/2022,758,68,20,846,3010,417,47,3474
2/9/2022,1141,51,24,1216,3167,379,43,3589
2/10/2022,979,68,40,1087,2479,233,55,2767
2/11/2022,795,35,23,853,2540,210,43,2793
2/12/2022,647,61,27,735,3113,160,47,3320
2/13/2022,1175,61,26,1262,4134,195,57,4386
2/14/2022,679,35,18,732,3000,190,14,3204
2/15/2022,781,27,15,823,3490,210,38,3738
2/16/2022,1077,38,39,1154,3889,237,55,4181
2/17/2022,559,55,17,631,3536,249,45,3830
2/18/2022,600,38,30,668,3276,243,43,3562
2/19/2022,782,48,14,844,3909,307,29,4245
2/20/2022,695,37,21,753,4236,256,51,4543
2/21/2022,370,30,20,420,3273,255,36,3564
2/22/2022,442,30,8,480,3731,287,39,4057
2/23/2022,824,17,27,868,3441,271,36,3748
2/24/2022,346,59,20,425,3086,258,40,3384
2/25/2022,347,58,13,418,3069,255,20,3344
2/26/2022,643,21,8,672,3451,200,21,3672
2/27/2022,664,54,13,731,3922,285,29,4236
2/28/2022,466,31,5,502,2604,223,17,2844
3/1/2022,394,34,13,441,3496,204,31,3731
3/2/2022,728,18,24,770,4181,235,48,4464
3/3/2022,498,17,27,542,3135,191,52,3378
3/4/2022,290,83,4,377,3634,219,40,3893
3/5/2022,341,23,14,378,3194,196,24,3414
3/6/2022,788,26,17,831,4838,199,45,5082
3/7/2022,347,9,13,369,2147,103,30,2280
3/8/2022,226,20,15,261,2588,128,23,2739
3/9/2022,527,14,22,563,4043,137,57,4237
3/10/2022,407,11,17,435,2826,169,42,3037
3/11/2022,502,43,19,564,2858,118,47,3023
3/12/2022,272,20,9,301,2511,111,42,2664
3/13/2022,420,22,10,452,3282,106,43,3431
3/14/2022,302,50,13,365,2257,99,33,2389
3/15/2022,617,23,16,656,2589,124,30,2743
3/16/2022,894,19,11,924,3216,119,42,3377
3/17/2022,222,13,6,241,2332,134,28,2494
3/18/2022,651,26,23,700,2333,130,36,2499
3/19/2022,606,27,24,657,2204,101,34,2339
3/20/2022,404,23,8,435,2711,104,53,2868
3/21/2022,286,15,9,310,1239,78,27,1344
3/22/2022,406,23,9,438,1419,67,17,1503
3/23/2022,702,17,7,726,2013,98,35,2146
3/24/2022,330,12,12,354,2301,109,20,2430
3/25/2022,567,30,20,617,2405,102,39,2546
3/26/2022,521,68,8,597,2041,118,22,2181
3/27/2022,966,30,10,1006,2540,90,37,2667
3/28/2022,408,55,10,473,1322,95,19,1436
3/29/2022,412,41,4,457,2132,61,22,2215
3/30/2022,553,24,9,586,2204,81,27,2312
3/31/2022,799,41,10,850,1729,85,87,1901
4/1/2022,2210,61,42,2313,3122,168,32,3322
4/2/2022,1530,43,21,1594,2626,93,38,2757
4/3/2022,1358,58,14,1430,2725,94,28,2847
4/4/2022,1136,68,20,1224,2449,109,26,2584
4/5/2022,1477,68,19,1564,1725,95,16,1836
4/6/2022,1465,79,21,1565,2127,119,29,2275
4/7/2022,1316,102,22,1440,2049,122,40,2211
4/8/2022,1619,89,25,1733,2883,116,46,3045
4/9/2022,1910,61,25,1996,2324,87,40,2451
4/10/2022,2266,72,23,2361,2068,73,30,2171
4/11/2022,1830,67,28,1925,1866,84,20,1970
4/12/2022,1659,58,21,1738,1996,108,26,2130
4/13/2022,2546,54,31,2631,1935,140,25,2100
4/14/2022,1579,52,25,1656,2149,97,29,2275
4/15/2022,1901,76,17,1994,2592,129,26,2747
4/16/2022,2128,70,11,2209,1787,112,23,1922
4/17/2022,2153,67,30,2250,1852,111,34,1997
4/18/2022,2194,93,18,2305,2152,118,19,2289
4/19/2022,2371,81,11,2463,1462,109,26,1597
4/20/2022,2789,82,29,2900,2153,124,44,2321
4/21/2022,2566,83,25,2674,1866,126,26,2018
4/22/2022,2649,100,26,2775,2153,105,28,2286
4/23/2022,3229,131,42,3402,1783,146,21,1950
4/24/2022,3237,135,23,3395,2236,93,54,2383
4/25/2022,1823,145,19,1987,1864,99,32,1995
4/26/2022,2024,105,16,2145,1866,75,38,1979
4/27/2022,2542,115,29,2686,2886,123,51,3060
4/28/2022,3158,122,23,3303,2196,123,33,2352
4/29/2022,3276,123,41,3440,2539,128,48,2715
4/30/2022,4560,178,46,4784,2925,108,45,3078
5/1/2022,4554,331,66,4951,3000,98,47,3145
5/2/2022,4095,312,54,4461,1952,118,18,2088
5/3/2022,2299,132,84,2515,1882,129,24,2035
5/4/2022,2368,106,98,2572,2146,129,22,2297
5/5/2022,2494,137,68,2699,2841,181,40,3062
5/6/2022,2741,143,129,3013,2733,162,23,2918
5/7/2022,3712,186,120,4018,2927,171,36,3134
5/8/2022,5228,316,106,5650,2910,173,46,3129
5/9/2022,3792,265,86,4143,2112,165,29,2306
5/10/2022,2976,207,73,3256,2534,159,47,2740
5/11/2022,2491,203,148,2842,2002,210,50,2262
5/12/2022,2382,241,144,2767,2595,248,76,2919
5/13/2022,2597,211,173,2981,2557,211,57,2825
5/14/2022,3131,291,135,3557,2721,130,68,2919
5/15/2022,5051,423,163,5637,3136,204,57,3397
5/16/2022,2936,309,141,3386,3057,164,54,3275
5/17/2022,2660,376,94,3130,1946,148,44,2138
5/18/2022,2658,499,118,3275,2482,143,74,2699
5/19/2022,2984,731,162,3877,2507,180,64,2751
5/20/2022,2828,609,147,3584,2924,256,62,3242
5/21/2022,2912,534,128,3574,2777,180,59,3016
5/22/2022,3944,646,149,4739,3207,288,83,3578
5/23/2022,2786,600,169,3555,2385,274,55,2714
5/24/2022,2266,464,78,2808,2315,307,56,2678
5/25/2022,2705,1074,143,3922,2245,448,73,2766
5/26/2022,2805,574,182,3561,2728,620,97,3445
5/27/2022,2824,863,155,3842,2708,564,93,3365
5/28/2022,2869,595,141,3605,2988,343,97,3428
5/29/2022,4325,1282,268,5875,3129,644,91,3864
5/30/2022,2223,650,79,2952,2562,630,115,3307
5/31/2022,2486,600,92,3178,2820,475,110,3405
6/1/2022,3356,1150,186,4692,3042,833,112,3987
6/2/2022,2919,926,169,4014,3322,627,100,4049
6/3/2022,2709,1077,180,3966,3132,618,113,3863
6/4/2022,3155,736,172,4063,2872,488,108,3468
6/5/2022,4420,1445,225,6090,3884,895,141,4920
6/6/2022,2702,1050,150,3902,2307,764,91,3162
6/7/2022,2398,755,110,3263,2992,777,105,3874
6/8/2022,3584,1204,165,4953,3539,904,123,4566
6/9/2022,2390,836,177,3403,3206,923,125,4254
6/10/2022,3493,1371,207,5071,3409,1014,114,4537
6/11/2022,4088,1195,197,5480,3593,622,113,4328
6/12/2022,4266,1225,214,5705,3320,971,130,4421
6/13/2022,2173,939,128,3240,2952,1034,149,4135
6/14/2022,2606,920,146,3672,2992,815,122,3929
6/15/2022,2912,1541,189,4642,3525,1121,162,4808
6/16/2022,2879,1181,190,4250,3385,877,160,4422
6/17/2022,3381,1684,191,5256,3717,1001,139,4857
6/18/2022,3746,1233,198,5177,4949,549,157,5655
6/19/2022,3888,1538,183,5609,4388,1084,159,5631
6/20/2022,2642,1233,183,4058,3033,943,144,4120
6/21/2022,3086,1075,231,4392,3894,1005,140,5039
6/22/2022,2788,1208,151,4147,3171,951,113,4235
6/23/2022,3564,1132,215,4911,4186,1103,171,5460
6/24/2022,3351,1320,200,4871,4768,813,139,5720
6/25/2022,3723,1278,177,5178,5342,678,152,6172
6/26/2022,4291,1366,184,5841,4767,1065,156,5988
6/27/2022,2670,1155,164,3989,3366,1290,125,4781
6/28/2022,3217,915,130,4262,5291,1239,155,6685
6/29/2022,2792,1265,158,4215,4405,1289,174,5868
6/30/2022,3361,1119,202,4682,5112,1258,153,6523
7/1/2022,3847,1308,213,5368,5824,1610,152,7586
7/2/2022,3643,1020,221,4884,4908,1372,237,6517
7/3/2022,5106,1071,252,6429,5753,1363,222,7338
7/4/2022,3183,1279,207,4669,3348,1246,144,4738
7/5/2022,3382,806,163,4351,4340,1208,205,5753
7/6/2022,3218,1318,225,4761,3636,1114,179,4929
7/7/2022,3060,775,162,3997,3723,1191,154,5068
7/8/2022,4183,1202,277,5662,5570,1406,191,7167
7/9/2022,3643,1287,327,5257,4873,1414,251,6538
7/10/2022,5812,1567,312,7691,5280,1354,191,6825
7/11/2022,3465,1339,246,5050,3363,1281,155,4799
7/12/2022,3918,1282,246,5446,4636,1388,207,6231
7/13/2022,3295,1450,235,4980,3596,1249,156,5001
7/14/2022,3209,1109,233,4551,4369,1187,165,5721
7/15/2022,4209,1650,317,6176,5456,1305,209,6970
7/16/2022,3588,1337,281,5206,5187,1125,286,6598
7/17/2022,5501,1338,272,7111,5601,1055,206,6862
7/18/2022,3608,1458,210,5276,3798,904,175,4877
7/19/2022,3547,1237,242,5026,4688,1116,167,5971
7/20/2022,3792,1456,256,5504,4260,1273,202,5735
7/21/2022,3426,1177,208,4811,4231,1286,174,5691
7/22/2022,4242,1310,260,5812,5574,1615,216,7405
7/23/2022,4033,1171,221,5425,5356,1298,255,6909
7/24/2022,6311,1358,303,7972,5412,1475,230,7117
7/25/2022,4435,1650,223,6308,3871,1408,182,5461
7/26/2022,3601,1311,220,5132,4407,1277,204,5888
7/27/2022,3493,1397,264,5154,4107,1441,170,5718
7/28/2022,3635,1321,215,5171,4619,1270,208,6097
7/29/2022,3978,1385,246,5609,5673,1530,236,7439
7/30/2022,4174,1239,306,5719,5696,1443,349,7488
7/31/2022,5823,1270,242,7335,6051,1501,251,7803
8/1/2022,5524,1389,340,7253,4476,1251,180,5907
8/2/2022,4734,928,221,5883,5291,1391,192,6874
8/3/2022,4764,1415,267,6446,4810,1212,234,6256
8/4/2022,3957,982,212,5151,4914,1400,237,6551
8/5/2022,5081,1390,291,6762,5923,1506,241,7670
8/6/2022,4844,1270,278,6392,5790,1449,299,7538
8/7/2022,6812,1038,263,8113,6132,1411,235,7778
8/8/2022,5329,1376,289,6994,4437,1414,202,6053
8/9/2022,5434,1321,285,7040,5435,1339,262,7036
8/10/2022,4587,1519,303,6409,5064,1304,270,6638
8/11/2022,4615,1362,298,6275,5210,1480,277,6967
8/12/2022,6030,1733,345,8108,6277,1504,301,8082
8/13/2022,5562,1434,354,7350,5830,1320,365,7515
8/14/2022,8437,1574,387,10398,6515,1484,276,8275
8/15/2022,7090,1488,343,8921,4614,1131,203,5948
8/16/2022,7234,1351,382,8967,5400,1069,238,6707
8/17/2022,5769,1678,372,7819,4956,1371,291,6618
8/18/2022,7104,1422,390,8916,5627,1577,270,7474
8/19/2022,6916,1635,402,8953,5797,1873,297,7967
8/20/2022,7784,1461,420,9665,6078,1480,464,8022
8/21/2022,10463,1670,406,12539,5974,1644,317,7935
8/22/2022,7638,1490,378,9506,4306,1453,246,6005
8/23/2022,8287,1551,382,10220,5297,1440,345,7082
8/24/2022,7890,1746,353,9989,5038,1928,297,7263
8/25/2022,5268,1115,311,6694,4156,1595,291,6042
8/26/2022,9143,2836,588,12567,6062,2497,460,9019
8/27/2022,8396,1933,379,10708,5541,1728,440,7709
8/28/2022,11004,1985,519,13508,6128,2054,376,8558
8/29/2022,7129,1703,344,9176,4330,1382,348,6060
8/30/2022,7811,2347,469,10627,5595,2059,415,8069
8/31/2022,7239,1817,350,9406,4706,1748,355,6809
9/1/2022,7995,1864,498,10357,5319,1872,358,7549
9/2/2022,6806,1930,574,9310,6256,2174,525,8955
9/3/2022,6396,1740,458,8594,6418,1820,461,8699
9/4/2022,7868,1968,474,10310,6914,2189,440,9543
9/5/2022,4433,1441,386,6260,4455,1585,325,6365
9/6/2022,5458,2182,492,8132,5514,2032,389,7935
9/7/2022,4402,1599,432,6433,4493,1607,410,6510
9/8/2022,4770,1657,516,6943,4259,1837,300,6396
9/9/2022,5333,2036,533,7902,5883,2146,481,8510
9/10/2022,3372,1411,410,5193,5007,1648,393,7048
9/11/2022,6158,1790,496,8444,5945,2247,476,8668
9/12/2022,5173,1759,424,7356,4376,1430,272,6078
9/13/2022,5288,1548,456,7292,5261,1944,344,7549
9/14/2022,4284,1807,393,6484,4099,1470,372,5941
9/15/2022,5463,1571,550,7584,4698,1909,334,6941
9/16/2022,4893,1908,570,7371,5713,2116,527,8356
9/17/2022,4489,1493,462,6444,5572,1451,492,7515
9/18/2022,6798,1669,502,8969,6023,2050,474,8547
9/19/2022,3858,1693,385,5936,4229,1411,304,5944
9/20/2022,5137,1717,481,7335,5286,1944,453,7683
9/21/2022,4311,2005,399,6715,4512,1526,375,6413
9/22/2022,4736,1484,492,6712,4396,1693,357,6446
9/23/2022,4819,1474,497,6790,5933,2048,500,8481
9/24/2022,3960,1507,376,5843,5313,1462,398,7173
9/25/2022,5456,1585,398,7439,6344,1969,561,8874
9/26/2022,4516,1624,342,6482,4751,1249,385,6385
9/27/2022,5519,1524,515,7558,5854,1832,457,8143
9/28/2022,5274,1682,558,7514,5592,1468,480,7540
9/29/2022,5760,1497,615,7872,5826,1645,494,7965
9/30/2022,6357,1826,724,8907,8604,1923,587,11114
10/1/2022,4891,1382,683,6956,8549,1421,629,10599
10/2/2022,6839,1260,794,8893,7124,1848,657,9629
10/3/2022,5709,1836,768,8313,5626,1092,471,7189
10/4/2022,7367,1269,720,9356,6629,1796,556,8981
10/5/2022,5613,1500,654,7767,5602,1368,596,7566
10/6/2022,5931,1379,821,8131,6046,1461,571,8078
10/7/2022,5854,1559,897,8310,7047,1751,661,9459
10/8/2022,6415,1542,878,8835,6937,1401,687,9025
10/9/2022,9043,1436,1044,11523,6875,1594,715,9184
10/10/2022,6719,1916,968,9603,4988,1001,539,6528
10/11/2022,6683,1507,974,9164,7534,1640,781,9955
10/12/2022,5229,1541,905,7675,6569,1197,655,8421
10/13/2022,6003,1256,969,8228,7839,1324,840,10003
10/14/2022,6432,1672,1009,9113,9449,1905,995,12349
10/15/2022,6753,1456,932,9141,9373,1444,957,11774
10/16/2022,10289,1359,1159,12807,9855,1647,1196,12698
10/17/2022,7269,1612,1097,9978,7658,1020,748,9426
10/18/2022,7763,1289,1145,10197,7766,1673,880,10319
10/19/2022,6884,1509,959,9352,7545,1261,919,9725
10/20/2022,8463,1427,1172,11062,8126,1311,870,10307
10/21/2022,8925,1673,1244,11842,10012,1815,1138,12965
